!  N 1 Z 2 ITER 3   si 4      ReOmega 5      ImOmega 6      reStrN 7       reStrP  8      reStrT 9       imStrN 10      imStrP 11      imStrT 12      TrnStrN 13     TrnStrP 14     TrnStrT 15
    4   4  11  0.000000       1.000000       0.000000      -0.040952      -0.041791      -0.082743       0.000000       0.000000       0.000000      -0.000000      -0.000000      -0.000000
    4   4  11  0.000000       1.000000       0.000000      -0.040952      -0.041791      -0.082743       0.000000       0.000000       0.000000      -0.000000      -0.000000      -0.000000
    4   4  11  0.000000       1.000000       0.000000      -0.040952      -0.041791      -0.082743       0.000000       0.000000       0.000000      -0.000000      -0.000000      -0.000000
    4   4  11  0.000000       1.000000       0.500000      -0.040929      -0.041776      -0.082704      -0.000088      -0.000060      -0.000149       0.000028       0.000019       0.000047
    4   4  11  0.000000       1.000000       0.500000      -0.040929      -0.041776      -0.082704      -0.000088      -0.000060      -0.000149       0.000028       0.000019       0.000047
    4   4  12  0.000000       1.500000       0.500000      -0.041039      -0.041851      -0.082890      -0.000136      -0.000091      -0.000227       0.000043       0.000029       0.000072
    4   4  12  0.000000       2.000000       0.500000      -0.041199      -0.041957      -0.083156      -0.000189      -0.000121      -0.000311       0.000060       0.000039       0.000099
    4   4  12  0.000000       2.500000       0.500000      -0.041415      -0.042094      -0.083509      -0.000251      -0.000152      -0.000403       0.000080       0.000048       0.000128
    4   4  13  0.000000       3.000000       0.500000      -0.041696      -0.042261      -0.083957      -0.000326      -0.000181      -0.000507       0.000104       0.000057       0.000161
    6   6  13  0.000000       0.000000       1.000000      -1.649172      -1.685178      -3.334350      -0.000000      -0.000000      -0.000000       0.000000       0.000000       0.000000
    6   6  15  0.000000       0.100000       1.000000      -1.649587      -1.685602      -3.335190      -0.009686      -0.009905      -0.019591       0.003083       0.003153       0.006236
    6   6  15  0.000000       0.200000       1.000000      -1.650833      -1.686877      -3.337710      -0.019410      -0.019849      -0.039260       0.006178       0.006318       0.012497
    6   6  15  0.000000       0.300000       1.000000      -1.652914      -1.689004      -3.341919      -0.029212      -0.029873      -0.059085       0.009298       0.009509       0.018807
    6   6  15  0.000000       0.400000       1.000000      -1.655836      -1.691992      -3.347828      -0.039131      -0.040017      -0.079148       0.012456       0.012738       0.025194
    6   6  15  0.000000       0.500000       1.000000      -1.659607      -1.695848      -3.355456      -0.049208      -0.050322      -0.099531       0.015664       0.016018       0.031682
    6   6  15  0.000000       0.600000       1.000000      -1.664239      -1.700585      -3.364824      -0.059486      -0.060833      -0.120318       0.018935       0.019364       0.038299
    6   6  15  0.000000       0.700000       1.000000      -1.669746      -1.706215      -3.375961      -0.070008      -0.071593      -0.141601       0.022284       0.022789       0.045073
    6   6  15  0.000000       0.800000       1.000000      -1.676143      -1.712757      -3.388900      -0.080822      -0.082652      -0.163474       0.025726       0.026309       0.052035
    6   6  15  0.000000       0.900000       1.000000      -1.683450      -1.720229      -3.403678      -0.091976      -0.094060      -0.186036       0.029277       0.029940       0.059217
    6   6  15  0.000000       1.000000       1.000000      -1.691688      -1.728653      -3.420341      -0.103525      -0.105871      -0.209396       0.032953       0.033700       0.066653
    6   6  16  0.000000       1.100000       1.000000      -1.700883      -1.738055      -3.438938      -0.115526      -0.118144      -0.233670       0.036773       0.037606       0.074379
    6   6  16  0.000000       1.200000       1.000000      -1.711061      -1.748463      -3.459524      -0.128040      -0.130942      -0.258982       0.040756       0.041680       0.082437
    6   6  16  0.000000       1.300000       1.000000      -1.722253      -1.759908      -3.482161      -0.141135      -0.144335      -0.285470       0.044925       0.045943       0.090868
    6   6  12  0.000000       0.000000       1.000000      -0.823207      -0.832920      -1.656126      -0.000000      -0.000000      -0.000000       0.000000       0.000000       0.000000
    6   6  13  0.000000       0.100000       1.000000      -0.823332      -0.833046      -1.656378      -0.002744      -0.002780      -0.005524       0.000873       0.000885       0.001758
    6   6  13  0.000000       0.200000       1.000000      -0.823707      -0.833426      -1.657133      -0.005495      -0.005566      -0.011062       0.001749       0.001772       0.003521
    6   6  13  0.000000       0.300000       1.000000      -0.824333      -0.834061      -1.658394      -0.008261      -0.008367      -0.016628       0.002629       0.002663       0.005293
    6   6  13  0.000000       0.400000       1.000000      -0.825212      -0.834951      -1.660163      -0.011047      -0.011189      -0.022236       0.003516       0.003562       0.007078
    6   6  13  0.000000       0.500000       1.000000      -0.826345      -0.836099      -1.662444      -0.013862      -0.014040      -0.027902       0.004412       0.004469       0.008882
    6   6  13  0.000000       0.600000       1.000000      -0.827735      -0.837506      -1.665242      -0.016712      -0.016928      -0.033640       0.005320       0.005388       0.010708
    6   6  13  0.000000       0.700000       1.000000      -0.829385      -0.839177      -1.668563      -0.019606      -0.019859      -0.039465       0.006241       0.006321       0.012562
    6   6  13  0.000000       0.800000       1.000000      -0.831299      -0.841115      -1.672414      -0.022552      -0.022843      -0.045394       0.007178       0.007271       0.014449
    6   6  14  0.000000       0.900000       1.000000      -0.833480      -0.843324      -1.676804      -0.025557      -0.025887      -0.051443       0.008135       0.008240       0.016375
    6   6  14  0.000000       1.000000       1.000000      -0.835933      -0.845809      -1.681742      -0.028630      -0.029000      -0.057630       0.009113       0.009231       0.018344
    6   6  14  0.000000       1.100000       1.000000      -0.838665      -0.848576      -1.687241      -0.031781      -0.032192      -0.063972       0.010116       0.010247       0.020363
    6   6  14  0.000000       1.200000       1.000000      -0.841680      -0.851630      -1.693311      -0.035019      -0.035472      -0.070490       0.011147       0.011291       0.022438
    6   6  14  0.000000       1.300000       1.000000      -0.844987      -0.854979      -1.699966      -0.038354      -0.038850      -0.077204       0.012208       0.012366       0.024575
    6   6  14  0.000000       1.400000       1.000000      -0.848592      -0.858631      -1.707223      -0.041797      -0.042339      -0.084136       0.013305       0.013477       0.026781
    6   6  14  0.000000       1.500000       1.000000      -0.852504      -0.862593      -1.715098      -0.045361      -0.045949      -0.091310       0.014439       0.014626       0.029065
    6   6  14  0.000000       1.600000       1.000000      -0.856732      -0.866876      -1.723608      -0.049057      -0.049693      -0.098750       0.015615       0.015818       0.031433
    6   6  14  0.000000       1.700000       1.000000      -0.861287      -0.871489      -1.732775      -0.052899      -0.053586      -0.106485       0.016838       0.017057       0.033895
    6   6  14  0.000000       1.800000       1.000000      -0.866177      -0.876443      -1.742620      -0.056902      -0.057641      -0.114544       0.018113       0.018348       0.036460
    6   6  15  0.000000       1.900000       1.000000      -0.871417      -0.881750      -1.753167      -0.061082      -0.061876      -0.122958       0.019443       0.019696       0.039139
    6   6  15  0.000000       2.000000       1.000000      -0.877018      -0.887423      -1.764441      -0.065456      -0.066308      -0.131764       0.020835       0.021106       0.041942
    6   6  15  0.000000       2.100000       1.000000      -0.882994      -0.893477      -1.776471      -0.070043      -0.070956      -0.140999       0.022295       0.022586       0.044881
    6   6  15  0.000000       2.200000       1.000000      -0.889361      -0.899926      -1.789286      -0.074865      -0.075841      -0.150706       0.023830       0.024141       0.047971
    6   6  12  0.000000       0.000000       1.000000      -0.823207      -0.832920      -1.656126      -0.000000      -0.000000      -0.000000       0.000000       0.000000       0.000000
    6   6  13  0.000000       0.500000       1.000000      -0.826345      -0.836099      -1.662444      -0.013862      -0.014040      -0.027902       0.004412       0.004469       0.008882
    6   6  14  0.000000       1.000000       1.000000      -0.835933      -0.845809      -1.681742      -0.028630      -0.029000      -0.057630       0.009113       0.009231       0.018344
    6   6  12  0.000000       0.000000       1.000000      -0.823207      -0.832920      -1.656126      -0.000000      -0.000000      -0.000000       0.000000       0.000000       0.000000
    6   6  13  0.000000       0.500000       1.000000      -0.826345      -0.836099      -1.662444      -0.013862      -0.014040      -0.027902       0.004412       0.004469       0.008882
    6   6  14  0.000000       1.000000       1.000000      -0.835933      -0.845809      -1.681742      -0.028630      -0.029000      -0.057630       0.009113       0.009231       0.018344
    6   6  14  0.000000       1.500000       1.000000      -0.852504      -0.862593      -1.715098      -0.045361      -0.045949      -0.091310       0.014439       0.014626       0.029065
    6   6  15  0.000000       2.000000       1.000000      -0.877018      -0.887423      -1.764441      -0.065456      -0.066308      -0.131764       0.020835       0.021106       0.041942
    6   6  15  0.000000       2.500000       1.000000      -0.910968      -0.921813      -1.832781      -0.090974      -0.092165      -0.183139       0.028958       0.029337       0.058295
    6   6  16  0.000000       3.000000       1.000000      -0.956537      -0.967975      -1.924512      -0.125185      -0.126835      -0.252020       0.039848       0.040373       0.080220
    6   6  16  0.000000       3.500000       1.000000      -1.016757      -1.028983      -2.045740      -0.173649      -0.175956      -0.349605       0.055274       0.056009       0.111283
    6   6  16  0.000000       4.000000       1.000000      -1.095424      -1.108684      -2.204107      -0.246434      -0.249736      -0.496170       0.078442       0.079493       0.157936
    6   6  16  0.000000       4.500000       1.000000      -1.195681      -1.210264      -2.405945      -0.362877      -0.367785      -0.730662       0.115507       0.117070       0.232577
    6   6  16  0.000000       5.000000       1.000000      -1.312625      -1.328749      -2.641374      -0.561594      -0.569258      -1.130852       0.178761       0.181201       0.359961
    6   6  17  0.000000       5.500000       1.000000      -1.401036      -1.418279      -2.819315      -0.915214      -0.927808      -1.843022       0.291322       0.295330       0.586652
    6   6  17  0.000000       6.000000       1.000000      -1.267996      -1.283215      -2.551211      -1.492038      -1.512692      -3.004730       0.474930       0.481505       0.956435
    6   6  18  0.000000       6.500000       1.000000      -0.553581      -0.558558      -1.112139      -1.988339      -2.015903      -4.004242       0.632908       0.641682       1.274590
    6   6  18  0.000000       7.000000       1.000000       0.328873       0.336542       0.665415      -1.703921      -1.727381      -3.431303       0.542375       0.549843       1.092218
    6   6  18  0.000000       7.500000       1.000000       0.617973       0.629981       1.247955      -1.084885      -1.099498      -2.184383       0.345330       0.349981       0.695311
    6   6  18  0.000000       8.000000       1.000000       0.565847       0.577453       1.143301      -0.662919      -0.671411      -1.334329       0.211014       0.213717       0.424730
    6   6  18  0.000000       8.500000       1.000000       0.445180       0.455501       0.900680      -0.426060      -0.430965      -0.857025       0.135619       0.137180       0.272800
    6   6  20  0.000000       9.000000       1.000000       0.332559       0.341815       0.674374      -0.291178      -0.293814      -0.584992       0.092685       0.093524       0.186209
    6   6  20  0.000000       9.500000       1.000000       0.240114       0.248728       0.488842      -0.210070      -0.210996      -0.421067       0.066868       0.067162       0.134030
    6   6  12  0.000000       0.000000       1.000000      -0.823207      -0.832920      -1.656126      -0.000000      -0.000000      -0.000000       0.000000       0.000000       0.000000
    6   6  13  0.000000       0.500000       1.000000      -0.826345      -0.836099      -1.662444      -0.013862      -0.014040      -0.027902       0.004412       0.004469       0.008882
    6   6  14  0.000000       1.000000       1.000000      -0.835933      -0.845809      -1.681742      -0.028630      -0.029000      -0.057630       0.009113       0.009231       0.018344
    6   6  14  0.000000       1.500000       1.000000      -0.852504      -0.862593      -1.715098      -0.045361      -0.045949      -0.091310       0.014439       0.014626       0.029065
   12  12  15  0.000081       0.100000       1.000000      -2.682404      -2.765919      -5.448323      -0.018498      -0.031270      -0.049767       0.005888       0.009954       0.015841
   12  12  17  0.000088       0.200000       1.000000      -2.677804      -2.756408      -5.434212      -0.036234      -0.060588      -0.096822       0.011534       0.019286       0.030819
   12  12  20  0.000086       0.300000       1.000000      -2.671160      -2.742258      -5.413418      -0.051822      -0.085562      -0.137384       0.016495       0.027235       0.043731
   12  12  22  0.000087       0.400000       1.000000      -2.663437      -2.725397      -5.388834      -0.063797      -0.104189      -0.167986       0.020307       0.033164       0.053471
   12  12  23  0.000016       0.500000       1.000000      -2.655672      -2.708084      -5.363757      -0.073562      -0.117809      -0.191370       0.023415       0.037500       0.060915
   12  12  22  0.000093       0.600000       1.000000      -2.648847      -2.692081      -5.340928      -0.080530      -0.126147      -0.206677       0.025633       0.040154       0.065787
   12  12  22  0.000060       0.700000       1.000000      -2.643538      -2.678561      -5.322099      -0.085695      -0.130721      -0.216416       0.027278       0.041610       0.068887
   12  12  22  0.000037       0.800000       1.000000      -2.640075      -2.668145      -5.308220      -0.089488      -0.132542      -0.222029       0.028485       0.042189       0.070674
   12  12  21  0.000070       0.900000       1.000000      -2.638574      -2.660930      -5.299504      -0.092161      -0.132401      -0.224562       0.029336       0.042144       0.071480
   12  12  20  0.000083       1.000000       1.000000      -2.638730      -2.656915      -5.295644      -0.094481      -0.131470      -0.225952       0.030074       0.041848       0.071923
   12  12  20  0.000056       1.100000       1.000000      -2.640769      -2.655633      -5.296402      -0.097345      -0.130976      -0.228321       0.030986       0.041691       0.072677
   12  12  19  0.000086       1.200000       1.000000      -2.644243      -2.656774      -5.301017      -0.100003      -0.130355      -0.230359       0.031832       0.041493       0.073325
   12  12  19  0.000064       1.300000       1.000000      -2.649112      -2.659953      -5.309065      -0.103502      -0.130787      -0.234290       0.032946       0.041631       0.074577
   12  12  19  0.000047       1.400000       1.000000      -2.655148      -2.664871      -5.320019      -0.107392      -0.131875      -0.239267       0.034184       0.041977       0.076161
   12  12  18  0.000070       1.500000       1.000000      -2.662288      -2.671245      -5.333533      -0.111269      -0.133232      -0.244501       0.035418       0.042409       0.077827
   12  12  18  0.000047       1.600000       1.000000      -2.670298      -2.678931      -5.349229      -0.116238      -0.135972      -0.252210       0.037000       0.043281       0.080281
   12  12  17  0.000096       1.700000       1.000000      -2.679340      -2.687820      -5.367160      -0.121251      -0.139030      -0.260281       0.038595       0.044255       0.082850
   12  12  17  0.000065       1.800000       1.000000      -2.689036      -2.697616      -5.386652      -0.127346      -0.143415      -0.270761       0.040536       0.045650       0.086186
   12  12  16  0.000089       1.900000       1.000000      -2.699674      -2.708568      -5.408242      -0.133363      -0.147951      -0.281314       0.042451       0.047094       0.089545
   12  12  16  0.000062       2.000000       1.000000      -2.710962      -2.720131      -5.431094      -0.140623      -0.153922      -0.294545       0.044762       0.048995       0.093757
   12  12  16  0.000043       2.100000       1.000000      -2.723054      -2.732572      -5.455626      -0.148350      -0.160540      -0.308889       0.047221       0.051101       0.098323
   12  12  15  0.000081       2.200000       1.000000      -2.736005      -2.745966      -5.481971      -0.156232      -0.167471      -0.323703       0.049730       0.053308       0.103038
   12  12  15  0.000059       2.300000       1.000000      -2.749705      -2.760085      -5.509791      -0.165126      -0.175551      -0.340677       0.052561       0.055880       0.108441
   12  12  15  0.000044       2.400000       1.000000      -2.764242      -2.775064      -5.539306      -0.174590      -0.184323      -0.358912       0.055574       0.058672       0.114245
   12  12  15  0.000032       2.500000       1.000000      -2.779636      -2.790915      -5.570551      -0.184673      -0.193823      -0.378496       0.058783       0.061696       0.120479
   12  12  14  0.000092       2.600000       1.000000      -2.795951      -2.807641      -5.603591      -0.195000      -0.203669      -0.398669       0.062070       0.064830       0.126900
   12  12  14  0.000087       2.700000       1.000000      -2.813143      -2.825316      -5.638458      -0.206591      -0.214862      -0.421453       0.065760       0.068393       0.134153
   12  12  14  0.000080       2.800000       1.000000      -2.831287      -2.843943      -5.675230      -0.218968      -0.226921      -0.445889       0.069700       0.072231       0.141931
   12  12  14  0.000054       2.900000       1.000000      -2.850422      -2.863558      -5.713980      -0.232201      -0.239911      -0.472111       0.073912       0.076366       0.150278
   12  12  14  0.000052       3.000000       1.000000      -2.870591      -2.884204      -5.754795      -0.246366      -0.253902      -0.500268       0.078421       0.080820       0.159240
   12  12  13  0.000092       3.100000       1.000000      -2.891941      -2.906057      -5.797997      -0.261317      -0.268742      -0.530059       0.083180       0.085543       0.168723
   12  12  13  0.000070       3.200000       1.000000      -2.914313      -2.928892      -5.843205      -0.277691      -0.285069      -0.562760       0.088392       0.090740       0.179132
   12  12  13  0.000073       3.300000       1.000000      -2.937866      -2.952902      -5.890768      -0.295303      -0.302695      -0.597998       0.093998       0.096351       0.190349
   12  12  13  0.000079       3.400000       1.000000      -2.962649      -2.978134      -5.940784      -0.314299      -0.321766      -0.636064       0.100044       0.102421       0.202466
   12  12  13  0.000087       3.500000       1.000000      -2.988713      -3.004639      -5.993353      -0.334836      -0.342436      -0.677272       0.106582       0.109001       0.215582
   12  12  13  0.000096       3.600000       1.000000      -3.016110      -3.032464      -6.048575      -0.357086      -0.364880      -0.721966       0.113664       0.116145       0.229809
   12  12  14  0.000079       3.700000       1.000000      -3.044760      -3.061499      -6.106259      -0.381505      -0.389570      -0.771075       0.121437       0.124004       0.245441
   12  12  14  0.000090       3.800000       1.000000      -3.074938      -3.092062      -6.167000      -0.407885      -0.416268      -0.824153       0.129834       0.132502       0.262336
   12  12  14  0.000097       3.900000       1.000000      -3.106573      -3.124053      -6.230625      -0.436682      -0.445442      -0.882124       0.139000       0.141789       0.280789
   12  12  14  0.000097       4.000000       1.000000      -3.139693      -3.157491      -6.297185      -0.468189      -0.477380      -0.945569       0.149029       0.151955       0.300984
   12  12  14  0.000091       4.100000       1.000000      -3.174317      -3.192389      -6.366706      -0.502742      -0.512412      -1.015154       0.160028       0.163106       0.323134
   12  12  14  0.000098       4.200000       1.000000      -3.210444      -3.228741      -6.439185      -0.540727      -0.550913      -1.091640       0.172119       0.175361       0.347480
   12  12  15  0.000057       4.300000       1.000000      -3.247756      -3.266189      -6.513944      -0.582933      -0.593618      -1.176551       0.185553       0.188955       0.374508
   12  12  15  0.000069       4.400000       1.000000      -3.286728      -3.305281      -6.592010      -0.629208      -0.640438      -1.269647       0.200283       0.203858       0.404141
   12  12  15  0.000083       4.500000       1.000000      -3.327036      -3.345676      -6.672712      -0.680449      -0.692224      -1.372672       0.216594       0.220342       0.436935
   12  12  15  0.000098       4.600000       1.000000      -3.368526      -3.387236      -6.755762      -0.737338      -0.749656      -1.486994       0.234702       0.238623       0.473325
   12  12  16  0.000064       4.700000       1.000000      -3.410884      -3.429657      -6.840541      -0.800694      -0.813588      -1.614282       0.254869       0.258973       0.513842
   12  12  16  0.000079       4.800000       1.000000      -3.453829      -3.472688      -6.926517      -0.871370      -0.884832      -1.756202       0.277366       0.281651       0.559016
   12  12  16  0.000096       4.900000       1.000000      -3.496751      -3.515727      -7.012478      -0.950448      -0.964522      -1.914970       0.302537       0.307017       0.609554
   12  12  17  0.000064       5.000000       1.000000      -3.538899      -3.558058      -7.096957      -1.039185      -1.053941      -2.093126       0.330783       0.335480       0.666263
   12  12  17  0.000076       5.100000       1.000000      -3.579019      -3.598345      -7.177364      -1.138685      -1.154232      -2.292917       0.362455       0.367404       0.729858
   12  12  17  0.000090       5.200000       1.000000      -3.615611      -3.635100      -7.250711      -1.250357      -1.266831      -2.517187       0.398001       0.403245       0.801246
   12  12  18  0.000057       5.300000       1.000000      -3.646597      -3.666193      -7.312790      -1.375559      -1.393120      -2.768679       0.437854       0.443444       0.881298
   12  12  18  0.000064       5.400000       1.000000      -3.669226      -3.688867      -7.358094      -1.515432      -1.534264      -3.049696       0.482377       0.488372       0.970748
   12  12  18  0.000071       5.500000       1.000000      -3.679978      -3.699535      -7.379513      -1.670879      -1.691180      -3.362058       0.531857       0.538319       1.070176
   12  12  18  0.000077       5.600000       1.000000      -3.674433      -3.693713      -7.368145      -1.842154      -1.864123      -3.706277       0.586376       0.593369       1.179745
   12  12  18  0.000083       5.700000       1.000000      -3.647256      -3.665995      -7.313250      -2.028461      -2.052286      -4.080747       0.645679       0.653263       1.298942
   12  12  18  0.000097       5.800000       1.000000      -3.592339      -3.610191      -7.202531      -2.227400      -2.253235      -4.480635       0.709003       0.717227       1.426230
   12  12  20  0.000068       5.900000       1.000000      -3.503008      -3.519550      -7.022558      -2.434219      -2.462159      -4.896378       0.774836       0.783729       1.558566
   12  12  20  0.000081       6.000000       1.000000      -3.373720      -3.388437      -6.762157      -2.641598      -2.671634      -5.313232       0.840847       0.850408       1.691254
   12  12  20  0.000093       6.100000       1.000000      -3.200152      -3.212485      -6.412637      -2.838930      -2.870922      -5.709852       0.903660       0.913843       1.817502
   12  12  21  0.000026       6.200000       1.000000      -2.981769      -2.991158      -5.972927      -3.013054      -3.046688      -6.059741       0.959085       0.969791       1.928876
   12  12  21  0.000022       6.300000       1.000000      -2.722737      -2.728661      -5.451397      -3.149565      -3.184344      -6.333909       1.002538       1.013608       2.016146
   12  12  21  0.000018       6.400000       1.000000      -2.433421      -2.435493      -4.868915      -3.235346      -3.270600      -6.505946       1.029842       1.041064       2.070907
   12  12  20  0.000096       6.500000       1.000000      -2.129136      -2.127144      -4.256280      -3.261354      -3.296296      -6.557650       1.038121       1.049244       2.087365
   12  12  20  0.000081       6.600000       1.000000      -1.828445      -1.822445      -3.650890      -3.225359      -3.259161      -6.484520       1.026664       1.037423       2.064087
   12  12  20  0.000062       6.700000       1.000000      -1.548906      -1.539163      -3.088069      -3.132037      -3.163921      -6.295958       0.996958       1.007107       2.004066
   12  12  20  0.000053       6.800000       1.000000      -1.304465      -1.291424      -2.595889      -2.992036      -3.021344      -6.013380       0.952395       0.961724       1.914118
   12  12  20  0.000044       6.900000       1.000000      -1.103469      -1.087689      -2.191158      -2.819249      -2.845483      -5.664732       0.897395       0.905745       1.803140
   12  12  20  0.000037       7.000000       1.000000      -0.948530      -0.930615      -1.879145      -2.627943      -2.650770      -5.278712       0.836500       0.843766       1.680266
   12  12  20  0.000039       7.100000       1.000000      -0.837665      -0.818216      -1.655881      -2.430598      -2.449827      -4.880425       0.773683       0.779804       1.553487
   12  12  20  0.000037       7.200000       1.000000      -0.765978      -0.745561      -1.511539      -2.236814      -2.252362      -4.489175       0.712000       0.716949       1.428949
   12  12  19  0.000091       7.300000       1.000000      -0.727216      -0.706380      -1.433596      -2.053047      -2.064899      -4.117946       0.653505       0.657278       1.310783
   12  12  19  0.000076       7.400000       1.000000      -0.715022      -0.694212      -1.409234      -1.883363      -1.891556      -3.774918       0.599493       0.602101       1.201594
   12  12  19  0.000059       7.500000       1.000000      -0.723479      -0.703154      -1.426634      -1.729560      -1.734157      -3.463717       0.550536       0.551999       1.102535
   12  12  18  0.000095       7.600000       1.000000      -0.747479      -0.728062      -1.475542      -1.591755      -1.592840      -3.184595       0.506671       0.507017       1.013688
   12  12  18  0.000071       7.700000       1.000000      -0.783062      -0.765062      -1.548123      -1.470220      -1.467922      -2.938141       0.467985       0.467254       0.935239
   12  12  18  0.000054       7.800000       1.000000      -0.826872      -0.810776      -1.637648      -1.363598      -1.358094      -2.721692       0.434047       0.432295       0.866341
   12  12  18  0.000052       7.900000       1.000000      -0.876416      -0.862725      -1.739141      -1.270672      -1.262222      -2.532894       0.404468       0.401778       0.806245
   12  12  18  0.000048       8.000000       1.000000      -0.929822      -0.919028      -1.848849      -1.190146      -1.179120      -2.369266       0.378835       0.375325       0.754161
   12  12  17  0.000079       8.100000       1.000000      -0.985832      -0.978416      -1.964248      -1.120553      -1.107469      -2.228022       0.356683       0.352518       0.709202
   12  12  17  0.000079       8.200000       1.000000      -1.043271      -1.039525      -2.082796      -1.061124      -1.046579      -2.107704       0.337766       0.333137       0.670903
   12  12  17  0.000076       8.300000       1.000000      -1.101619      -1.101750      -2.203368      -1.010651      -0.995352      -2.006003       0.321700       0.316830       0.638531
   12  12  17  0.000057       8.400000       1.000000      -1.160480      -1.164502      -2.324982      -0.968292      -0.952969      -1.921261       0.308217       0.303339       0.611556
   12  12  15  0.000088       8.500000       1.000000      -1.219502      -1.227263      -2.446765      -0.933184      -0.918408      -1.851591       0.297042       0.292338       0.589380
   12  12  15  0.000075       8.600000       1.000000      -1.278605      -1.289888      -2.568493      -0.905060      -0.891599      -1.796659       0.288090       0.283805       0.571894
   12  12  15  0.000067       8.700000       1.000000      -1.337823      -1.352198      -2.690021      -0.883319      -0.871644      -1.754963       0.281169       0.277453       0.558622
   12  12  15  0.000080       8.800000       1.000000      -1.397080      -1.414094      -2.811175      -0.867763      -0.858205      -1.725968       0.276218       0.273175       0.549393
   12  12  14  0.000095       8.900000       1.000000      -1.456461      -1.475686      -2.932147      -0.858124      -0.850904      -1.709028       0.273149       0.270851       0.544001
   12  12  14  0.000058       9.000000       1.000000      -1.515444      -1.536490      -3.051934      -0.854590      -0.849831      -1.704422       0.272025       0.270510       0.542534
   12  12  14  0.000037       9.100000       1.000000      -1.574248      -1.596780      -3.171028      -0.857000      -0.854769      -1.711769       0.272792       0.272081       0.544873
   12  12  14  0.000041       9.200000       1.000000      -1.632779      -1.656523      -3.289302      -0.865496      -0.865830      -1.731326       0.275496       0.275602       0.551098
   12  12  13  0.000093       9.300000       1.000000      -1.690699      -1.715417      -3.406116      -0.880108      -0.883047      -1.763154       0.280147       0.281082       0.561229
   12  12  14  0.000070       9.400000       1.000000      -1.748420      -1.773956      -3.522377      -0.901686      -0.907264      -1.808950       0.287016       0.288791       0.575807
   12  12  14  0.000089       9.500000       1.000000      -1.805067      -1.831253      -3.636320      -0.930082      -0.938377      -1.868459       0.296054       0.298695       0.594749
   12  12  15  0.000067       9.600000       1.000000      -1.860700      -1.887377      -3.748077      -0.966134      -0.977234      -1.943368       0.307530       0.311063       0.618593
   12  12  15  0.000085       9.700000       1.000000      -1.914299      -1.941335      -3.855634      -1.010239      -1.024309      -2.034548       0.321569       0.326048       0.647617
   12  12  16  0.000055       9.800000       1.000000      -1.965369      -1.992561      -3.957930      -1.063425      -1.080654      -2.144080       0.338499       0.343983       0.682482
   12  12  16  0.000083       9.900000       1.000000      -2.012735      -2.039906      -4.052641      -1.126054      -1.146678      -2.272732       0.358434       0.364999       0.723433
   12  12  17  0.000088      10.000000       1.000000      -2.054578      -2.081440      -4.136018      -1.199122      -1.223419      -2.422541       0.381692       0.389426       0.771119
   12  12  18  0.000043      10.100000       1.000000      -2.089301      -2.115538      -4.204839      -1.283242      -1.311526      -2.594767       0.408469       0.417472       0.825940
   12  12  26  0.000098       0.100000       0.500000      -2.861675      -3.096810      -5.958485      -0.078625      -0.151216      -0.229841       0.025027       0.048134       0.073161
   12  12  27  0.000099       0.200000       0.500000      -2.816339      -3.007353      -5.823692      -0.140330      -0.269076      -0.409406       0.044668       0.085650       0.130318
   12  12  27  0.000042       0.300000       0.500000      -2.756752      -2.889552      -5.646304      -0.173592      -0.331287      -0.504879       0.055256       0.105452       0.160708
   12  12  26  0.000060       0.400000       0.500000      -2.700213      -2.777210      -5.477423      -0.178345      -0.337972      -0.516317       0.056769       0.107580       0.164349
   12  12  26  0.000030       0.500000       0.500000      -2.658061      -2.692437      -5.350498      -0.164654      -0.308365      -0.473019       0.052411       0.098155       0.150567
   12  12  25  0.000045       0.600000       0.500000      -2.632579      -2.639606      -5.272185      -0.143358      -0.264105      -0.407463       0.045632       0.084067       0.129700
   12  12  24  0.000068       0.700000       0.500000      -2.620381      -2.612445      -5.232826      -0.122016      -0.219847      -0.341863       0.038839       0.069979       0.108818
   12  12  23  0.000059       0.800000       0.500000      -2.617258      -2.602405      -5.219663      -0.103987      -0.182062      -0.286049       0.033100       0.057952       0.091052
   12  12  23  0.000034       0.900000       0.500000      -2.619734      -2.602617      -5.222351      -0.090797      -0.152943      -0.243739       0.028901       0.048683       0.077585
   12  12  22  0.000070       1.000000       0.500000      -2.625522      -2.608756      -5.234277      -0.080774      -0.130454      -0.211227       0.025711       0.041525       0.067236
   12  12  22  0.000032       1.100000       0.500000      -2.633269      -2.618148      -5.251416      -0.074054      -0.114087      -0.188141       0.023572       0.036315       0.059887
   12  12  21  0.000062       1.200000       0.500000      -2.642312      -2.629288      -5.271600      -0.069320      -0.101901      -0.171222       0.022065       0.032436       0.054502
   12  12  20  0.000073       1.300000       0.500000      -2.652015      -2.641552      -5.293568      -0.066474      -0.093263      -0.159737       0.021159       0.029686       0.050846
   12  12  20  0.000041       1.400000       0.500000      -2.662488      -2.654393      -5.316881      -0.065450      -0.087713      -0.153164       0.020833       0.027920       0.048754
   12  12  19  0.000072       1.500000       0.500000      -2.673462      -2.667686      -5.341148      -0.065249      -0.083946      -0.149195       0.020769       0.026721       0.047490
   12  12  18  0.000067       1.600000       0.500000      -2.685067      -2.681302      -5.366369      -0.065469      -0.081328      -0.146798       0.020840       0.025888       0.046727
   12  12  18  0.000044       1.700000       0.500000      -2.697164      -2.695341      -5.392505      -0.067276      -0.080867      -0.148143       0.021415       0.025741       0.047155
   12  12  17  0.000063       1.800000       0.500000      -2.709932      -2.709804      -5.419736      -0.069255      -0.081017      -0.150272       0.022045       0.025788       0.047833
   12  12  16  0.000095       1.900000       0.500000      -2.723332      -2.724863      -5.448195      -0.071751      -0.082029      -0.153779       0.022839       0.026111       0.048949
   12  12  16  0.000063       2.000000       0.500000      -2.737276      -2.740277      -5.477553      -0.075140      -0.084203      -0.159343       0.023918       0.026803       0.050720
   12  12  15  0.000094       2.100000       0.500000      -2.752089      -2.756528      -5.508617      -0.078444      -0.086514      -0.164958       0.024970       0.027538       0.052508
   12  12  15  0.000066       2.200000       0.500000      -2.767556      -2.773193      -5.540749      -0.082697      -0.089944      -0.172641       0.026323       0.028630       0.054953
   12  12  15  0.000050       2.300000       0.500000      -2.783895      -2.790649      -5.574545      -0.087273      -0.093845      -0.181118       0.027780       0.029872       0.057652
   12  12  15  0.000038       2.400000       0.500000      -2.801165      -2.808963      -5.610128      -0.092206      -0.098221      -0.190427       0.029350       0.031265       0.060615
   12  12  14  0.000072       2.500000       0.500000      -2.819490      -2.828255      -5.647745      -0.097159      -0.102720      -0.199879       0.030927       0.032697       0.063623
   12  12  14  0.000051       2.600000       0.500000      -2.838795      -2.848489      -5.687284      -0.102986      -0.108177      -0.211163       0.032782       0.034434       0.067215
   12  12  13  0.000077       2.700000       0.500000      -2.859247      -2.869792      -5.729039      -0.108940      -0.113834      -0.222774       0.034677       0.036234       0.070911
   12  12  12  0.000079       2.800000       0.500000      -2.880933      -2.892350      -5.773283      -0.115121      -0.119792      -0.234913       0.036644       0.038131       0.074775
   12  12  12  0.000065       2.900000       0.500000      -2.903852      -2.916082      -5.819935      -0.122706      -0.127203      -0.249909       0.039058       0.040490       0.079548
   12  12  12  0.000056       3.000000       0.500000      -2.928232      -2.941255      -5.869487      -0.130733      -0.135112      -0.265845       0.041613       0.043008       0.084621
   12  12  12  0.000053       3.100000       0.500000      -2.954132      -2.967929      -5.922061      -0.139158      -0.143474      -0.282632       0.044295       0.045669       0.089965
   12  12  12  0.000063       3.200000       0.500000      -2.981633      -2.996192      -5.977825      -0.148315      -0.152619      -0.300934       0.047210       0.048580       0.095790
   12  12  12  0.000080       3.300000       0.500000      -3.010866      -3.026186      -6.037052      -0.158303      -0.162650      -0.320953       0.050389       0.051773       0.102162
   12  12  13  0.000058       3.400000       0.500000      -3.041983      -3.058092      -6.100075      -0.169469      -0.173919      -0.343388       0.053944       0.055360       0.109304
   12  12  13  0.000074       3.500000       0.500000      -3.075146      -3.092028      -6.167174      -0.181346      -0.185957      -0.367303       0.057724       0.059192       0.116916
   12  12  13  0.000094       3.600000       0.500000      -3.110527      -3.128193      -6.238720      -0.194360      -0.199205      -0.393564       0.061867       0.063409       0.125275
   12  12  14  0.000050       3.700000       0.500000      -3.148373      -3.166811      -6.315184      -0.208918      -0.214087      -0.423006       0.066501       0.068146       0.134647
   12  12  14  0.000057       3.800000       0.500000      -3.188794      -3.208036      -6.396830      -0.224799      -0.230393      -0.455191       0.071556       0.073336       0.144892
   12  12  14  0.000064       3.900000       0.500000      -3.232064      -3.252109      -6.484173      -0.242403      -0.248549      -0.490952       0.077159       0.079116       0.156275
   12  12  14  0.000096       4.000000       0.500000      -3.278426      -3.299249      -6.577675      -0.261984      -0.268836      -0.530820       0.083392       0.085573       0.168965
   12  12  15  0.000072       4.100000       0.500000      -3.328012      -3.349508      -6.677519      -0.284426      -0.292144      -0.576569       0.090536       0.092992       0.183528
   12  12  16  0.000049       4.200000       0.500000      -3.381178      -3.403255      -6.784433      -0.309628      -0.318430      -0.628057       0.098558       0.101359       0.199917
   12  12  16  0.000070       4.300000       0.500000      -3.438159      -3.460533      -6.898692      -0.337732      -0.347765      -0.685497       0.107503       0.110697       0.218201
   12  12  16  0.000092       4.400000       0.500000      -3.499228      -3.521529      -7.020757      -0.369367      -0.380661      -0.750028       0.117573       0.121168       0.238741
   12  12  17  0.000041       4.500000       0.500000      -3.564891      -3.586731      -7.151622      -0.405248      -0.417579      -0.822827       0.128994       0.132920       0.261914
   12  12  17  0.000049       4.600000       0.500000      -3.635866      -3.657017      -7.292883      -0.445167      -0.458093      -0.903259       0.141701       0.145815       0.287516
   12  12  17  0.000059       4.700000       0.500000      -3.713245      -3.733820      -7.447065      -0.490352      -0.503345      -0.993697       0.156084       0.160220       0.316304
   12  12  17  0.000071       4.800000       0.500000      -3.798116      -3.818532      -7.616648      -0.542291      -0.554999      -1.097290       0.172616       0.176662       0.349278
   12  12  17  0.000083       4.900000       0.500000      -3.891383      -3.912160      -7.803542      -0.602954      -0.615314      -1.218268       0.191926       0.195861       0.387787
   12  12  17  0.000095       5.000000       0.500000      -3.993789      -4.015389      -8.009178      -0.674690      -0.686873      -1.361562       0.214760       0.218638       0.433399
   12  12  18  0.000073       5.100000       0.500000      -4.106046      -4.128771      -8.234817      -0.760358      -0.772664      -1.533022       0.242029       0.245947       0.487976
   12  12  18  0.000083       5.200000       0.500000      -4.228783      -4.252929      -8.481713      -0.863405      -0.876197      -1.739602       0.274830       0.278902       0.553732
   12  12  18  0.000096       5.300000       0.500000      -4.362528      -4.388283      -8.750810      -0.988466      -1.002149      -1.990615       0.314639       0.318994       0.633632
   12  12  19  0.000042       5.400000       0.500000      -4.507266      -4.534802      -9.042069      -1.141645      -1.156672      -2.298317       0.363397       0.368180       0.731577
   12  12  19  0.000046       5.500000       0.500000      -4.662320      -4.691727      -9.354048      -1.330906      -1.347803      -2.678709       0.423640       0.429019       0.852659
   12  12  19  0.000054       5.600000       0.500000      -4.824947      -4.856284      -9.681231      -1.566938      -1.586345      -3.153284       0.498772       0.504949       1.003721
   12  12  19  0.000074       5.700000       0.500000      -4.989010      -5.022256     -10.011266      -1.863676      -1.886386      -3.750062       0.593227       0.600455       1.193682
   12  12  19  0.000080       5.800000       0.500000      -5.142111      -5.177093     -10.319204      -2.238673      -2.265681      -4.504354       0.712592       0.721189       1.433781
   12  12  19  0.000099       5.900000       0.500000      -5.261071      -5.297328     -10.558400      -2.712209      -2.744753      -5.456962       0.863323       0.873682       1.737005
   12  12  21  0.000065       6.000000       0.500000      -5.305148      -5.341698     -10.646846      -3.303063      -3.342602      -6.645665       1.051398       1.063983       2.115381
   12  12  21  0.000083       6.100000       0.500000      -5.208350      -5.243388     -10.451738      -4.016817      -4.064871      -8.081688       1.278593       1.293889       2.572481
   12  12  22  0.000034       6.200000       0.500000      -4.878528      -4.909085      -9.787613      -4.820897      -4.878574      -9.699472       1.534539       1.552898       3.087438
   12  12  22  0.000037       6.300000       0.500000      -4.222624      -4.244616      -8.467240      -5.609523      -5.676607     -11.286130       1.785567       1.806920       3.592487
   12  12  22  0.000047       6.400000       0.500000      -3.217868      -3.226907      -6.444775      -6.190577      -6.264457     -12.455034       1.970522       1.994039       3.964560
   12  12  22  0.000065       6.500000       0.500000      -1.995591      -1.988913      -3.984504      -6.358751      -6.434258     -12.793009       2.024053       2.048088       4.072141
   12  12  22  0.000080       6.600000       0.500000      -0.819763      -0.797884      -1.617647      -6.044635      -6.115728     -12.160363       1.924067       1.946697       3.870764
   12  12  23  0.000044       6.700000       0.500000       0.075602       0.109275       0.184877      -5.377017      -5.439236     -10.816252       1.711558       1.731362       3.442920
   12  12  23  0.000059       6.800000       0.500000       0.614922       0.656064       1.270986      -4.571636      -4.623175      -9.194811       1.455197       1.471602       2.926799
   12  12  23  0.000066       6.900000       0.500000       0.854084       0.899059       1.753143      -3.795242      -3.836342      -7.631584       1.208063       1.221146       2.429209
   12  12  23  0.000056       7.000000       0.500000       0.891213       0.937607       1.828820      -3.126224      -3.158067      -6.284290       0.995108       1.005244       2.000352
   12  12  23  0.000038       7.100000       0.500000       0.810890       0.857345       1.668235      -2.581138      -2.605068      -5.186206       0.821602       0.829219       1.650821
   12  12  22  0.000089       7.200000       0.500000       0.670266       0.716118       1.386384      -2.148081      -2.165243      -4.313324       0.683755       0.689218       1.372974
   12  12  22  0.000053       7.300000       0.500000       0.503482       0.548529       1.052011      -1.807223      -1.818437      -3.625660       0.575257       0.578827       1.154084
   12  12  21  0.000085       7.400000       0.500000       0.329585       0.373852       0.703437      -1.538592      -1.544333      -3.082925       0.489749       0.491576       0.981325
   12  12  20  0.000087       7.500000       0.500000       0.158468       0.201924       0.360392      -1.326262      -1.326689      -2.652951       0.422162       0.422298       0.844461
   12  12  20  0.000059       7.600000       0.500000      -0.005235       0.037471       0.032236      -1.157775      -1.152727      -2.310502       0.368531       0.366924       0.735456
   12  12  20  0.000056       7.700000       0.500000      -0.159414      -0.117616      -0.277030      -1.023181      -1.012179      -2.035360       0.325689       0.322187       0.647875
   12  12  19  0.000091       7.800000       0.500000      -0.303450      -0.263098      -0.566548      -0.915015      -0.897310      -1.812325       0.291258       0.285623       0.576881
   12  12  19  0.000067       7.900000       0.500000      -0.437557      -0.399689      -0.837246      -0.828297      -0.802961      -1.631258       0.263655       0.255590       0.519246
   12  12  19  0.000061       8.000000       0.500000      -0.562013      -0.528557      -1.090569      -0.758566      -0.724819      -1.483385       0.241459       0.230717       0.472176
   12  12  19  0.000057       8.100000       0.500000      -0.677246      -0.651087      -1.328333      -0.702265      -0.660110      -1.362375       0.223538       0.210120       0.433657
   12  12  19  0.000049       8.200000       0.500000      -0.783963      -0.768467      -1.552430      -0.656121      -0.607214      -1.263334       0.208850       0.193282       0.402132
   12  12  18  0.000082       8.300000       0.500000      -0.883640      -0.881362      -1.765003      -0.616984      -0.564985      -1.181970       0.196392       0.179840       0.376233
   12  12  18  0.000061       8.400000       0.500000      -0.978168      -0.989240      -1.967408      -0.583367      -0.533136      -1.116503       0.185691       0.169703       0.355394
   12  12  18  0.000046       8.500000       0.500000      -1.069811      -1.091926      -2.161737      -0.554363      -0.509847      -1.064210       0.176459       0.162289       0.338748
   12  12  17  0.000089       8.600000       0.500000      -1.159998      -1.189762      -2.349759      -0.530086      -0.493224      -1.023310       0.168732       0.156998       0.325730
   12  12  17  0.000062       8.700000       0.500000      -1.249170      -1.283463      -2.532633      -0.511219      -0.482114      -0.993334       0.162726       0.153462       0.316188
   12  12  16  0.000062       8.800000       0.500000      -1.337680      -1.374322      -2.712001      -0.497660      -0.475476      -0.973135       0.158410       0.151349       0.309759
   12  12  14  0.000100       8.900000       0.500000      -1.425251      -1.463002      -2.888253      -0.489073      -0.472664      -0.961736       0.155677       0.150453       0.306130
   12  12  14  0.000070       9.000000       0.500000      -1.512965      -1.551264      -3.064229      -0.485910      -0.474380      -0.960291       0.154670       0.151000       0.305670
   12  12  14  0.000054       9.100000       0.500000      -1.600845      -1.639429      -3.240274      -0.487770      -0.480282      -0.968053       0.155262       0.152879       0.308141
   12  12  14  0.000060       9.200000       0.500000      -1.689420      -1.728262      -3.417682      -0.494723      -0.490670      -0.985393       0.157475       0.156185       0.313660
   12  12  14  0.000063       9.300000       0.500000      -1.779323      -1.818532      -3.597854      -0.507035      -0.506003      -1.013038       0.161394       0.161066       0.322460
   12  12  14  0.000067       9.400000       0.500000      -1.871201      -1.910963      -3.782164      -0.525160      -0.526898      -1.052059       0.167164       0.167717       0.334881
   12  12  14  0.000070       9.500000       0.500000      -1.965726      -2.006276      -3.972002      -0.549786      -0.554181      -1.103967       0.175002       0.176401       0.351404
   12  12  14  0.000072       9.600000       0.500000      -2.063599      -2.105202      -4.168801      -0.581883      -0.588946      -1.170829       0.185219       0.187467       0.372687
   12  12  15  0.000088       9.700000       0.500000      -2.165787      -2.208705      -4.374492      -0.622749      -0.632606      -1.255355       0.198227       0.201365       0.399592
   12  12  16  0.000100       9.800000       0.500000      -2.272740      -2.317284      -4.590024      -0.674343      -0.687262      -1.361605       0.214650       0.218762       0.433412
   12  12  17  0.000082       9.900000       0.500000      -2.385061      -2.431551      -4.816613      -0.739008      -0.755387      -1.494395       0.235234       0.240447       0.475681
   12  12  18  0.000089      10.000000       0.500000      -2.503226      -2.551973      -5.055199      -0.820051      -0.840466      -1.660517       0.261030       0.267529       0.528559
   12  12  19  0.000075      10.100000       0.500000      -2.627209      -2.678499      -5.305707      -0.921552      -0.946778      -1.868330       0.293339       0.301369       0.594708
   12  12  26  0.000098       0.100000       0.500000      -2.861675      -3.096810      -5.958485      -0.078625      -0.151216      -0.229841       0.025027       0.048134       0.073161
   12  12  27  0.000099       0.200000       0.500000      -2.816339      -3.007353      -5.823692      -0.140330      -0.269076      -0.409406       0.044668       0.085650       0.130318
   12  12  27  0.000042       0.300000       0.500000      -2.756752      -2.889552      -5.646304      -0.173592      -0.331287      -0.504879       0.055256       0.105452       0.160708
   12  12  26  0.000060       0.400000       0.500000      -2.700213      -2.777210      -5.477423      -0.178345      -0.337972      -0.516317       0.056769       0.107580       0.164349
   12  12  26  0.000030       0.500000       0.500000      -2.658061      -2.692437      -5.350498      -0.164654      -0.308365      -0.473019       0.052411       0.098155       0.150567
   12  12  25  0.000045       0.600000       0.500000      -2.632579      -2.639606      -5.272185      -0.143358      -0.264105      -0.407463       0.045632       0.084067       0.129700
   12  12  24  0.000068       0.700000       0.500000      -2.620381      -2.612445      -5.232826      -0.122016      -0.219847      -0.341863       0.038839       0.069979       0.108818
   12  12  23  0.000059       0.800000       0.500000      -2.617258      -2.602405      -5.219663      -0.103987      -0.182062      -0.286049       0.033100       0.057952       0.091052
   12  12  23  0.000034       0.900000       0.500000      -2.619734      -2.602617      -5.222351      -0.090797      -0.152943      -0.243739       0.028901       0.048683       0.077585
   12  12  22  0.000070       1.000000       0.500000      -2.625522      -2.608756      -5.234277      -0.080774      -0.130454      -0.211227       0.025711       0.041525       0.067236
   12  12  22  0.000032       1.100000       0.500000      -2.633269      -2.618148      -5.251416      -0.074054      -0.114087      -0.188141       0.023572       0.036315       0.059887
   12  12  21  0.000062       1.200000       0.500000      -2.642312      -2.629288      -5.271600      -0.069320      -0.101901      -0.171222       0.022065       0.032436       0.054502
   12  12  20  0.000073       1.300000       0.500000      -2.652015      -2.641552      -5.293568      -0.066474      -0.093263      -0.159737       0.021159       0.029686       0.050846
   12  12  20  0.000041       1.400000       0.500000      -2.662488      -2.654393      -5.316881      -0.065450      -0.087713      -0.153164       0.020833       0.027920       0.048754
   12  12  19  0.000072       1.500000       0.500000      -2.673462      -2.667686      -5.341148      -0.065249      -0.083946      -0.149195       0.020769       0.026721       0.047490
   12  12  18  0.000067       1.600000       0.500000      -2.685067      -2.681302      -5.366369      -0.065469      -0.081328      -0.146798       0.020840       0.025888       0.046727
   12  12  18  0.000044       1.700000       0.500000      -2.697164      -2.695341      -5.392505      -0.067276      -0.080867      -0.148143       0.021415       0.025741       0.047155
   12  12  17  0.000063       1.800000       0.500000      -2.709932      -2.709804      -5.419736      -0.069255      -0.081017      -0.150272       0.022045       0.025788       0.047833
   12  12  16  0.000095       1.900000       0.500000      -2.723332      -2.724863      -5.448195      -0.071751      -0.082029      -0.153779       0.022839       0.026111       0.048949
   12  12  16  0.000063       2.000000       0.500000      -2.737276      -2.740277      -5.477553      -0.075140      -0.084203      -0.159343       0.023918       0.026803       0.050720
   12  12  15  0.000094       2.100000       0.500000      -2.752089      -2.756528      -5.508617      -0.078444      -0.086514      -0.164958       0.024970       0.027538       0.052508
   12  12  15  0.000066       2.200000       0.500000      -2.767556      -2.773193      -5.540749      -0.082697      -0.089944      -0.172641       0.026323       0.028630       0.054953
   12  12  15  0.000050       2.300000       0.500000      -2.783895      -2.790649      -5.574545      -0.087273      -0.093845      -0.181118       0.027780       0.029872       0.057652
   12  12  15  0.000038       2.400000       0.500000      -2.801165      -2.808963      -5.610128      -0.092206      -0.098221      -0.190427       0.029350       0.031265       0.060615
   12  12  14  0.000072       2.500000       0.500000      -2.819490      -2.828255      -5.647745      -0.097159      -0.102720      -0.199879       0.030927       0.032697       0.063623
   12  12  14  0.000051       2.600000       0.500000      -2.838795      -2.848489      -5.687284      -0.102986      -0.108177      -0.211163       0.032782       0.034434       0.067215
   12  12  13  0.000077       2.700000       0.500000      -2.859247      -2.869792      -5.729039      -0.108940      -0.113834      -0.222774       0.034677       0.036234       0.070911
   12  12  12  0.000079       2.800000       0.500000      -2.880933      -2.892350      -5.773283      -0.115121      -0.119792      -0.234913       0.036644       0.038131       0.074775
   12  12  12  0.000065       2.900000       0.500000      -2.903852      -2.916082      -5.819935      -0.122706      -0.127203      -0.249909       0.039058       0.040490       0.079548
   12  12  12  0.000056       3.000000       0.500000      -2.928232      -2.941255      -5.869487      -0.130733      -0.135112      -0.265845       0.041613       0.043008       0.084621
   12  12  12  0.000053       3.100000       0.500000      -2.954132      -2.967929      -5.922061      -0.139158      -0.143474      -0.282632       0.044295       0.045669       0.089965
   12  12  12  0.000063       3.200000       0.500000      -2.981633      -2.996192      -5.977825      -0.148315      -0.152619      -0.300934       0.047210       0.048580       0.095790
   12  12  12  0.000080       3.300000       0.500000      -3.010866      -3.026186      -6.037052      -0.158303      -0.162650      -0.320953       0.050389       0.051773       0.102162
   12  12  13  0.000058       3.400000       0.500000      -3.041983      -3.058092      -6.100075      -0.169469      -0.173919      -0.343388       0.053944       0.055360       0.109304
   12  12  13  0.000074       3.500000       0.500000      -3.075146      -3.092028      -6.167174      -0.181346      -0.185957      -0.367303       0.057724       0.059192       0.116916
   12  12  13  0.000094       3.600000       0.500000      -3.110527      -3.128193      -6.238720      -0.194360      -0.199205      -0.393564       0.061867       0.063409       0.125275
   12  12  14  0.000050       3.700000       0.500000      -3.148373      -3.166811      -6.315184      -0.208918      -0.214087      -0.423006       0.066501       0.068146       0.134647
   12  12  14  0.000057       3.800000       0.500000      -3.188794      -3.208036      -6.396830      -0.224799      -0.230393      -0.455191       0.071556       0.073336       0.144892
   12  12  14  0.000064       3.900000       0.500000      -3.232064      -3.252109      -6.484173      -0.242403      -0.248549      -0.490952       0.077159       0.079116       0.156275
   12  12  14  0.000096       4.000000       0.500000      -3.278426      -3.299249      -6.577675      -0.261984      -0.268836      -0.530820       0.083392       0.085573       0.168965
   12  12  15  0.000072       4.100000       0.500000      -3.328012      -3.349508      -6.677519      -0.284426      -0.292144      -0.576569       0.090536       0.092992       0.183528
   12  12  16  0.000049       4.200000       0.500000      -3.381178      -3.403255      -6.784433      -0.309628      -0.318430      -0.628057       0.098558       0.101359       0.199917
   12  12  16  0.000070       4.300000       0.500000      -3.438159      -3.460533      -6.898692      -0.337732      -0.347765      -0.685497       0.107503       0.110697       0.218201
   12  12  16  0.000092       4.400000       0.500000      -3.499228      -3.521529      -7.020757      -0.369367      -0.380661      -0.750028       0.117573       0.121168       0.238741
   12  12  17  0.000041       4.500000       0.500000      -3.564891      -3.586731      -7.151622      -0.405248      -0.417579      -0.822827       0.128994       0.132920       0.261914
   12  12  17  0.000049       4.600000       0.500000      -3.635866      -3.657017      -7.292883      -0.445167      -0.458093      -0.903259       0.141701       0.145815       0.287516
   12  12  17  0.000059       4.700000       0.500000      -3.713245      -3.733820      -7.447065      -0.490352      -0.503345      -0.993697       0.156084       0.160220       0.316304
   12  12  17  0.000071       4.800000       0.500000      -3.798116      -3.818532      -7.616648      -0.542291      -0.554999      -1.097290       0.172616       0.176662       0.349278
   12  12  17  0.000083       4.900000       0.500000      -3.891383      -3.912160      -7.803542      -0.602954      -0.615314      -1.218268       0.191926       0.195861       0.387787
   12  12  17  0.000095       5.000000       0.500000      -3.993789      -4.015389      -8.009178      -0.674690      -0.686873      -1.361562       0.214760       0.218638       0.433399
   12  12  18  0.000073       5.100000       0.500000      -4.106046      -4.128771      -8.234817      -0.760358      -0.772664      -1.533022       0.242029       0.245947       0.487976
   12  12  18  0.000083       5.200000       0.500000      -4.228783      -4.252929      -8.481713      -0.863405      -0.876197      -1.739602       0.274830       0.278902       0.553732
   12  12  18  0.000096       5.300000       0.500000      -4.362528      -4.388283      -8.750810      -0.988466      -1.002149      -1.990615       0.314639       0.318994       0.633632
   12  12  19  0.000042       5.400000       0.500000      -4.507266      -4.534802      -9.042069      -1.141645      -1.156672      -2.298317       0.363397       0.368180       0.731577
   12  12  19  0.000046       5.500000       0.500000      -4.662320      -4.691727      -9.354048      -1.330906      -1.347803      -2.678709       0.423640       0.429019       0.852659
   12  12  19  0.000054       5.600000       0.500000      -4.824947      -4.856284      -9.681231      -1.566938      -1.586345      -3.153284       0.498772       0.504949       1.003721
   12  12  19  0.000074       5.700000       0.500000      -4.989010      -5.022256     -10.011266      -1.863676      -1.886386      -3.750062       0.593227       0.600455       1.193682
   12  12  19  0.000080       5.800000       0.500000      -5.142111      -5.177093     -10.319204      -2.238673      -2.265681      -4.504354       0.712592       0.721189       1.433781
   12  12  19  0.000099       5.900000       0.500000      -5.261071      -5.297328     -10.558400      -2.712209      -2.744753      -5.456962       0.863323       0.873682       1.737005
   12  12  21  0.000065       6.000000       0.500000      -5.305148      -5.341698     -10.646846      -3.303063      -3.342602      -6.645665       1.051398       1.063983       2.115381
   12  12  21  0.000083       6.100000       0.500000      -5.208350      -5.243388     -10.451738      -4.016817      -4.064871      -8.081688       1.278593       1.293889       2.572481
   12  12  22  0.000034       6.200000       0.500000      -4.878528      -4.909085      -9.787613      -4.820897      -4.878574      -9.699472       1.534539       1.552898       3.087438
   12  12  22  0.000037       6.300000       0.500000      -4.222624      -4.244616      -8.467240      -5.609523      -5.676607     -11.286130       1.785567       1.806920       3.592487
   12  12  22  0.000047       6.400000       0.500000      -3.217868      -3.226907      -6.444775      -6.190577      -6.264457     -12.455034       1.970522       1.994039       3.964560
   12  12  22  0.000065       6.500000       0.500000      -1.995591      -1.988913      -3.984504      -6.358751      -6.434258     -12.793009       2.024053       2.048088       4.072141
   12  12  22  0.000080       6.600000       0.500000      -0.819763      -0.797884      -1.617647      -6.044635      -6.115728     -12.160363       1.924067       1.946697       3.870764
   12  12  23  0.000044       6.700000       0.500000       0.075602       0.109275       0.184877      -5.377017      -5.439236     -10.816252       1.711558       1.731362       3.442920
   12  12  23  0.000059       6.800000       0.500000       0.614922       0.656064       1.270986      -4.571636      -4.623175      -9.194811       1.455197       1.471602       2.926799
   12  12  23  0.000066       6.900000       0.500000       0.854084       0.899059       1.753143      -3.795242      -3.836342      -7.631584       1.208063       1.221146       2.429209
   12  12  23  0.000056       7.000000       0.500000       0.891213       0.937607       1.828820      -3.126224      -3.158067      -6.284290       0.995108       1.005244       2.000352
   12  12  23  0.000038       7.100000       0.500000       0.810890       0.857345       1.668235      -2.581138      -2.605068      -5.186206       0.821602       0.829219       1.650821
   12  12  22  0.000089       7.200000       0.500000       0.670266       0.716118       1.386384      -2.148081      -2.165243      -4.313324       0.683755       0.689218       1.372974
   12  12  22  0.000053       7.300000       0.500000       0.503482       0.548529       1.052011      -1.807223      -1.818437      -3.625660       0.575257       0.578827       1.154084
   12  12  21  0.000085       7.400000       0.500000       0.329585       0.373852       0.703437      -1.538592      -1.544333      -3.082925       0.489749       0.491576       0.981325
   12  12  20  0.000087       7.500000       0.500000       0.158468       0.201924       0.360392      -1.326262      -1.326689      -2.652951       0.422162       0.422298       0.844461
   12  12  20  0.000059       7.600000       0.500000      -0.005235       0.037471       0.032236      -1.157775      -1.152727      -2.310502       0.368531       0.366924       0.735456
   12  12  20  0.000056       7.700000       0.500000      -0.159414      -0.117616      -0.277030      -1.023181      -1.012179      -2.035360       0.325689       0.322187       0.647875
   12  12  19  0.000091       7.800000       0.500000      -0.303450      -0.263098      -0.566548      -0.915015      -0.897310      -1.812325       0.291258       0.285623       0.576881
   12  12  19  0.000067       7.900000       0.500000      -0.437557      -0.399689      -0.837246      -0.828297      -0.802961      -1.631258       0.263655       0.255590       0.519246
   12  12  19  0.000061       8.000000       0.500000      -0.562013      -0.528557      -1.090569      -0.758566      -0.724819      -1.483385       0.241459       0.230717       0.472176
   12  12  19  0.000057       8.100000       0.500000      -0.677246      -0.651087      -1.328333      -0.702265      -0.660110      -1.362375       0.223538       0.210120       0.433657
   12  12  19  0.000049       8.200000       0.500000      -0.783963      -0.768467      -1.552430      -0.656121      -0.607214      -1.263334       0.208850       0.193282       0.402132
   12  12  18  0.000082       8.300000       0.500000      -0.883640      -0.881362      -1.765003      -0.616984      -0.564985      -1.181970       0.196392       0.179840       0.376233
   12  12  18  0.000061       8.400000       0.500000      -0.978168      -0.989240      -1.967408      -0.583367      -0.533136      -1.116503       0.185691       0.169703       0.355394
   12  12  18  0.000046       8.500000       0.500000      -1.069811      -1.091926      -2.161737      -0.554363      -0.509847      -1.064210       0.176459       0.162289       0.338748
   12  12  17  0.000089       8.600000       0.500000      -1.159998      -1.189762      -2.349759      -0.530086      -0.493224      -1.023310       0.168732       0.156998       0.325730
   12  12  17  0.000062       8.700000       0.500000      -1.249170      -1.283463      -2.532633      -0.511219      -0.482114      -0.993334       0.162726       0.153462       0.316188
   12  12  16  0.000062       8.800000       0.500000      -1.337680      -1.374322      -2.712001      -0.497660      -0.475476      -0.973135       0.158410       0.151349       0.309759
   12  12  14  0.000100       8.900000       0.500000      -1.425251      -1.463002      -2.888253      -0.489073      -0.472664      -0.961736       0.155677       0.150453       0.306130
   12  12  14  0.000070       9.000000       0.500000      -1.512965      -1.551264      -3.064229      -0.485910      -0.474380      -0.960291       0.154670       0.151000       0.305670
   12  12  14  0.000054       9.100000       0.500000      -1.600845      -1.639429      -3.240274      -0.487770      -0.480282      -0.968053       0.155262       0.152879       0.308141
   12  12  14  0.000060       9.200000       0.500000      -1.689420      -1.728262      -3.417682      -0.494723      -0.490670      -0.985393       0.157475       0.156185       0.313660
   12  12  14  0.000063       9.300000       0.500000      -1.779323      -1.818532      -3.597854      -0.507035      -0.506003      -1.013038       0.161394       0.161066       0.322460
   12  12  14  0.000067       9.400000       0.500000      -1.871201      -1.910963      -3.782164      -0.525160      -0.526898      -1.052059       0.167164       0.167717       0.334881
   12  12  14  0.000070       9.500000       0.500000      -1.965726      -2.006276      -3.972002      -0.549786      -0.554181      -1.103967       0.175002       0.176401       0.351404
   12  12  14  0.000072       9.600000       0.500000      -2.063599      -2.105202      -4.168801      -0.581883      -0.588946      -1.170829       0.185219       0.187467       0.372687
   12  12  15  0.000088       9.700000       0.500000      -2.165787      -2.208705      -4.374492      -0.622749      -0.632606      -1.255355       0.198227       0.201365       0.399592
   12  12  16  0.000100       9.800000       0.500000      -2.272740      -2.317284      -4.590024      -0.674343      -0.687262      -1.361605       0.214650       0.218762       0.433412
   12  12  17  0.000082       9.900000       0.500000      -2.385061      -2.431551      -4.816613      -0.739008      -0.755387      -1.494395       0.235234       0.240447       0.475681
   12  12  18  0.000089      10.000000       0.500000      -2.503226      -2.551973      -5.055199      -0.820051      -0.840466      -1.660517       0.261030       0.267529       0.528559
   12  12  19  0.000075      10.100000       0.500000      -2.627209      -2.678499      -5.305707      -0.921552      -0.946778      -1.868330       0.293339       0.301369       0.594708
