   0.0000000000000000        0.00000000       0.00000000      -0.0000000000000000     
  0.10000000149011612        0.00000000       0.00000000      0.15438721950633688     
   1.1000000238418579        0.00000000       0.00000000       1.7066328872157390     
   2.0999999046325684        0.00000000       0.00000000       3.3055067537354699     
   3.0999999046325684        0.00000000       0.00000000       4.9995439708459362     
   4.0999999046325684        0.00000000       0.00000000       6.8515387625280795     
   5.0999999046325684        0.00000000       0.00000000       8.9415326737697391     
   6.0999999046325684        0.00000000       0.00000000       11.412699839915014     
   7.0999999046325684        0.00000000       0.00000000       14.493639917420182     
   8.0999999999999996        0.00000000       0.00000000       18.621630277258088     
   9.0999999999999996        0.00000000       0.00000000       23.997876909115430     
   10.100000000000000        0.00000000       0.00000000       31.562969323344650     
