  0.10000000000000001        0.00000000       0.00000000       7.7443601870748266E-002
  0.20000000000000001        0.00000000       0.00000000      0.15490785630569803     
  0.30000000000000004        0.00000000       0.00000000      0.23241347628184436     
  0.40000000000000002        0.00000000       0.00000000      0.30998128576157297     
  0.50000000000000000        0.00000000       0.00000000      0.38763225495505471     
  0.59999999999999998        0.00000000       0.00000000      0.46538752075083745     
  0.70000000000000007        0.00000000       0.00000000      0.54326839705389585     
  0.80000000000000004        0.00000000       0.00000000      0.62129638098309403     
  0.90000000000000002        0.00000000       0.00000000      0.69949315967573311     
   1.0000000000000000        0.00000000       0.00000000      0.77788062034728456     
   1.1000000000000001        0.00000000       0.00000000      0.85648086443409044     
   1.2000000000000002        0.00000000       0.00000000      0.93531622553834048     
   1.3000000000000003        0.00000000       0.00000000       1.0144092904463449     
   1.4000000000000001        0.00000000       0.00000000       1.0937829224693976     
   1.5000000000000002        0.00000000       0.00000000       1.1734602865059298     
   1.6000000000000001        0.00000000       0.00000000       1.2534648754265854     
   1.7000000000000002        0.00000000       0.00000000       1.3338205375741312     
   1.8000000000000003        0.00000000       0.00000000       1.4145515052970248     
   1.9000000000000001        0.00000000       0.00000000       1.4956824245787970     
   2.0000000000000000        0.00000000       0.00000000       1.5772383859082888     
   2.1000000000000001        0.00000000       0.00000000       1.6592449566447312     
   2.2000000000000002        0.00000000       0.00000000       1.7417282152539550     
   2.3000000000000003        0.00000000       0.00000000       1.8247147879243319     
   2.4000000000000004        0.00000000       0.00000000       1.9082318882439018     
   2.5000000000000004        0.00000000       0.00000000       1.9923073608291140     
   2.6000000000000001        0.00000000       0.00000000       2.0769697300453522     
   2.7000000000000002        0.00000000       0.00000000       2.1622482552289681     
   2.8000000000000003        0.00000000       0.00000000       2.2481729941210187     
   2.9000000000000004        0.00000000       0.00000000       2.3347748765101723     
   3.0000000000000004        0.00000000       0.00000000       2.4220857903137922     
   3.1000000000000001        0.00000000       0.00000000       2.5101386824518399     
   3.2000000000000002        0.00000000       0.00000000       2.5989676767984040     
   3.3000000000000003        0.00000000       0.00000000       2.6886082111431495     
   3.4000000000000004        0.00000000       0.00000000       2.7790971942958427     
   3.5000000000000004        0.00000000       0.00000000       2.8704731830432078     
   3.6000000000000001        0.00000000       0.00000000       2.9627765762460205     
   3.7000000000000002        0.00000000       0.00000000       3.0560498192832335     
   3.8000000000000003        0.00000000       0.00000000       3.1503376051542684     
   3.9000000000000004        0.00000000       0.00000000       3.2456870469838246     
   4.0000000000000000        0.00000000       0.00000000       3.3421477783754279     
   4.0999999999999996        0.00000000       0.00000000       3.4397719128891469     
   4.2000000000000002        0.00000000       0.00000000       3.5386137700143423     
   4.2999999999999998        0.00000000       0.00000000       3.6404975594416489     
   4.3999999999999995        0.00000000       0.00000000       3.7420278311932980     
   4.5000000000000000        0.00000000       0.00000000       3.8449407332975665     
   4.5999999999999996        0.00000000       0.00000000       3.9493020306796733     
   4.7000000000000002        0.00000000       0.00000000       4.0551792049271285     
   4.7999999999999998        0.00000000       0.00000000       4.1626380823873728     
   4.9000000000000004        0.00000000       0.00000000       4.2717396892783821     
   5.0000000000000000        0.00000000       0.00000000       4.3825427511678807     
   5.0999999999999996        0.00000000       0.00000000       4.4951140642410117     
   5.2000000000000002        0.00000000       0.00000000       4.6095383759588131     
   5.2999999999999998        0.00000000       0.00000000       4.7259207590837633     
   5.4000000000000004        0.00000000       0.00000000       4.8443866997441667     
   5.5000000000000000        0.00000000       0.00000000       4.9678211622212833     
   5.5999999999999996        0.00000000       0.00000000       5.0912834313746202     
   5.7000000000000002        0.00000000       0.00000000       5.2172516756308447     
   5.7999999999999998        0.00000000       0.00000000       5.3458943904317131     
   5.9000000000000004        0.00000000       0.00000000       5.4774018208152802     
   6.0000000000000000        0.00000000       0.00000000       5.6131045298630777     
   6.0999999999999996        0.00000000       0.00000000       5.7509296795858766     
   6.2000000000000002        0.00000000       0.00000000       5.8929826071262319     
   6.2999999999999998        0.00000000       0.00000000       6.0391082326233194     
   6.4000000000000004        0.00000000       0.00000000       6.1897508859848438     
   6.5000000000000000        0.00000000       0.00000000       6.3433867286085137     
   6.5999999999999996        0.00000000       0.00000000       6.5039481734212696     
   6.7000000000000002        0.00000000       0.00000000       6.6703980194349111     
   6.7999999999999998        0.00000000       0.00000000       6.8463076271083265     
   6.9000000000000004        0.00000000       0.00000000       7.0264123298856180     
   7.0000000000000000        0.00000000       0.00000000       7.2115765328788477     
   7.0999999999999996        0.00000000       0.00000000       7.4000725688035160     
   7.2000000000000002        0.00000000       0.00000000       7.5883994405667341     
   7.2999999999999998        0.00000000       0.00000000       7.7772661692288754     
   7.4000000000000004        0.00000000       0.00000000       7.9699664645302120     
   7.5000000000000000        0.00000000       0.00000000       8.1710667138679227     
   7.5999999999999996        0.00000000       0.00000000       8.3845819357039861     
   7.7000000000000002        0.00000000       0.00000000       8.6136853127316009     
   7.7999999999999998        0.00000000       0.00000000       8.8613137257141190     
   7.9000000000000004        0.00000000       0.00000000       9.1308260408547763     
   8.0000000000000000        0.00000000       0.00000000       9.4252247907520932     
   8.0999999999999996        0.00000000       0.00000000       9.7524532121011056     
   8.1999999999999993        0.00000000       0.00000000       10.117127291233249     
   8.3000000000000007        0.00000000       0.00000000       10.524096314492501     
   8.4000000000000004        0.00000000       0.00000000       10.972700521262464     
   8.5000000000000000        0.00000000       0.00000000       11.447913808032027     
   8.5999999999999996        0.00000000       0.00000000       11.918497266785568     
   8.6999999999999993        0.00000000       0.00000000       12.324509445133831     
   8.8000000000000007        0.00000000       0.00000000       12.615621416000920     
   8.9000000000000004        0.00000000       0.00000000       12.789068227950839     
   9.0000000000000000        0.00000000       0.00000000       12.892891472197160     
   9.0999999999999996        0.00000000       0.00000000       12.987406380220737     
   9.1999999999999993        0.00000000       0.00000000       13.113223416271129     
   9.3000000000000007        0.00000000       0.00000000       13.288003976466491     
   9.4000000000000004        0.00000000       0.00000000       13.514327011386653     
   9.5000000000000000        0.00000000       0.00000000       13.788995087882981     
   9.5999999999999996        0.00000000       0.00000000       14.107539397932632     
   9.7000000000000011        0.00000000       0.00000000       14.466351492349112     
   9.8000000000000007        0.00000000       0.00000000       14.863430978814135     
   9.9000000000000004        0.00000000       0.00000000       15.298369640997940     
   10.000000000000000        0.00000000       0.00000000       15.771545111871749     
   10.100000000000000        0.00000000       0.00000000       16.284502713530131     
